      DATA G1900/
     *      0.00d0
     *  -31543.00d0,   -2298.00d0,
     *    -677.00d0,    2905.00d0,     924.00d0,
     *    1022.00d0,   -1469.00d0,    1256.00d0,     572.00d0,
     *     876.00d0,     628.00d0,     660.00d0,    -361.00d0,     134.00d0,
     *    -184.00d0,     328.00d0,     264.00d0,       5.00d0,     -86.00d0,
     *     -16.00d0,
     *      63.00d0,      61.00d0,     -11.00d0,    -217.00d0,     -58.00d0,
     *      59.00d0,     -90.00d0,
     *      70.00d0,     -55.00d0,       0.00d0,      34.00d0,     -41.00d0,
     *     -21.00d0,      18.00d0,       6.00d0,
     *      11.00d0,       8.00d0,      -4.00d0,      -9.00d0,       1.00d0,
     *       2.00d0,      -9.00d0,       5.00d0,       8.00d0,
     *       8.00d0,      10.00d0,       1.00d0,     -11.00d0,      12.00d0,
     *       1.00d0,      -2.00d0,       2.00d0,      -1.00d0,      -1.00d0,
     *      -3.00d0,      -4.00d0,       2.00d0,      -5.00d0,      -2.00d0,
     *       6.00d0,       4.00d0,       0.00d0,       2.00d0,       2.00d0,
     *       0.00d0
     * /
      DATA H1900/
     *      0.00d0
     *       0.00d0,    5922.00d0,
     *       0.00d0,   -1061.00d0,    1121.00d0,
     *       0.00d0,    -330.00d0,       3.00d0,     523.00d0,
     *       0.00d0,     195.00d0,     -69.00d0,    -210.00d0,     -75.00d0,
     *       0.00d0,    -210.00d0,      53.00d0,     -33.00d0,    -124.00d0,
     *       3.00d0,
     *       0.00d0,      -9.00d0,      83.00d0,       2.00d0,     -35.00d0,
     *      36.00d0,     -69.00d0,
     *       0.00d0,     -45.00d0,     -13.00d0,     -10.00d0,      -1.00d0,
     *      28.00d0,     -12.00d0,     -22.00d0,
     *       0.00d0,       8.00d0,     -14.00d0,       7.00d0,     -13.00d0,
     *       5.00d0,      16.00d0,      -5.00d0,     -18.00d0,
     *       0.00d0,     -20.00d0,      14.00d0,       5.00d0,      -3.00d0,
     *      -2.00d0,       8.00d0,      10.00d0,      -2.00d0,       2.00d0,
     *       0.00d0,       2.00d0,       1.00d0,       2.00d0,       6.00d0,
     *      -4.00d0,       0.00d0,      -2.00d0,       4.00d0,       0.00d0,
     *      -6.00d0
     * /
      DATA G1905/
     *      0.00d0
     *  -31464.00d0,   -2298.00d0,
     *    -728.00d0,    2928.00d0,    1041.00d0,
     *    1037.00d0,   -1494.00d0,    1239.00d0,     635.00d0,
     *     880.00d0,     643.00d0,     653.00d0,    -380.00d0,     146.00d0,
     *    -192.00d0,     328.00d0,     259.00d0,      -1.00d0,     -93.00d0,
     *     -26.00d0,
     *      62.00d0,      60.00d0,     -11.00d0,    -221.00d0,     -57.00d0,
     *      57.00d0,     -92.00d0,
     *      70.00d0,     -54.00d0,       0.00d0,      33.00d0,     -41.00d0,
     *     -20.00d0,      18.00d0,       6.00d0,
     *      11.00d0,       8.00d0,      -4.00d0,      -9.00d0,       1.00d0,
     *       2.00d0,      -8.00d0,       5.00d0,       8.00d0,
     *       8.00d0,      10.00d0,       1.00d0,     -11.00d0,      12.00d0,
     *       1.00d0,      -2.00d0,       2.00d0,       0.00d0,      -1.00d0,
     *      -3.00d0,      -4.00d0,       2.00d0,      -5.00d0,      -2.00d0,
     *       6.00d0,       4.00d0,       0.00d0,       2.00d0,       2.00d0,
     *       0.00d0
     * /
      DATA H1905/
     *      0.00d0
     *       0.00d0,    5909.00d0,
     *       0.00d0,   -1086.00d0,    1065.00d0,
     *       0.00d0,    -357.00d0,      34.00d0,     480.00d0,
     *       0.00d0,     203.00d0,     -77.00d0,    -201.00d0,     -65.00d0,
     *       0.00d0,    -193.00d0,      56.00d0,     -32.00d0,    -125.00d0,
     *      11.00d0,
     *       0.00d0,      -7.00d0,      86.00d0,       4.00d0,     -32.00d0,
     *      32.00d0,     -67.00d0,
     *       0.00d0,     -46.00d0,     -14.00d0,     -11.00d0,       0.00d0,
     *      28.00d0,     -12.00d0,     -22.00d0,
     *       0.00d0,       8.00d0,     -15.00d0,       7.00d0,     -13.00d0,
     *       5.00d0,      16.00d0,      -5.00d0,     -18.00d0,
     *       0.00d0,     -20.00d0,      14.00d0,       5.00d0,      -3.00d0,
     *      -2.00d0,       8.00d0,      10.00d0,      -2.00d0,       2.00d0,
     *       0.00d0,       2.00d0,       1.00d0,       2.00d0,       6.00d0,
     *      -4.00d0,       0.00d0,      -2.00d0,       4.00d0,       0.00d0,
     *      -6.00d0
     * /
      DATA G1910/
     *      0.00d0
     *  -31354.00d0,   -2297.00d0,
     *    -769.00d0,    2948.00d0,    1176.00d0,
     *    1058.00d0,   -1524.00d0,    1223.00d0,     705.00d0,
     *     884.00d0,     660.00d0,     644.00d0,    -400.00d0,     160.00d0,
     *    -201.00d0,     327.00d0,     253.00d0,      -9.00d0,    -102.00d0,
     *     -38.00d0,
     *      62.00d0,      58.00d0,     -11.00d0,    -224.00d0,     -54.00d0,
     *      54.00d0,     -95.00d0,
     *      71.00d0,     -54.00d0,       1.00d0,      32.00d0,     -40.00d0,
     *     -19.00d0,      18.00d0,       6.00d0,
     *      11.00d0,       8.00d0,      -4.00d0,      -9.00d0,       1.00d0,
     *       2.00d0,      -8.00d0,       5.00d0,       8.00d0,
     *       8.00d0,      10.00d0,       1.00d0,     -11.00d0,      12.00d0,
     *       1.00d0,      -2.00d0,       2.00d0,       0.00d0,      -1.00d0,
     *      -3.00d0,      -4.00d0,       2.00d0,      -5.00d0,      -2.00d0,
     *       6.00d0,       4.00d0,       0.00d0,       2.00d0,       2.00d0,
     *       0.00d0
     * /
      DATA H1910/
     *      0.00d0
     *       0.00d0,    5898.00d0,
     *       0.00d0,   -1128.00d0,    1000.00d0,
     *       0.00d0,    -389.00d0,      62.00d0,     425.00d0,
     *       0.00d0,     211.00d0,     -90.00d0,    -189.00d0,     -55.00d0,
     *       0.00d0,    -172.00d0,      57.00d0,     -33.00d0,    -126.00d0,
     *      21.00d0,
     *       0.00d0,      -5.00d0,      89.00d0,       5.00d0,     -29.00d0,
     *      28.00d0,     -65.00d0,
     *       0.00d0,     -47.00d0,     -14.00d0,     -12.00d0,       1.00d0,
     *      28.00d0,     -13.00d0,     -22.00d0,
     *       0.00d0,       8.00d0,     -15.00d0,       6.00d0,     -13.00d0,
     *       5.00d0,      16.00d0,      -5.00d0,     -18.00d0,
     *       0.00d0,     -20.00d0,      14.00d0,       5.00d0,      -3.00d0,
     *      -2.00d0,       8.00d0,      10.00d0,      -2.00d0,       2.00d0,
     *       0.00d0,       2.00d0,       1.00d0,       2.00d0,       6.00d0,
     *      -4.00d0,       0.00d0,      -2.00d0,       4.00d0,       0.00d0,
     *      -6.00d0
     * /
      DATA G1915/
     *      0.00d0
     *  -31212.00d0,   -2306.00d0,
     *    -802.00d0,    2956.00d0,    1309.00d0,
     *    1084.00d0,   -1559.00d0,    1212.00d0,     778.00d0,
     *     887.00d0,     678.00d0,     631.00d0,    -416.00d0,     178.00d0,
     *    -211.00d0,     327.00d0,     245.00d0,     -16.00d0,    -111.00d0,
     *     -51.00d0,
     *      61.00d0,      57.00d0,     -10.00d0,    -228.00d0,     -51.00d0,
     *      49.00d0,     -98.00d0,
     *      72.00d0,     -54.00d0,       2.00d0,      31.00d0,     -38.00d0,
     *     -18.00d0,      19.00d0,       6.00d0,
     *      11.00d0,       8.00d0,      -4.00d0,      -9.00d0,       2.00d0,
     *       3.00d0,      -8.00d0,       6.00d0,       8.00d0,
     *       8.00d0,      10.00d0,       1.00d0,     -11.00d0,      12.00d0,
     *       1.00d0,      -2.00d0,       2.00d0,       0.00d0,      -1.00d0,
     *      -3.00d0,      -4.00d0,       2.00d0,      -5.00d0,      -2.00d0,
     *       6.00d0,       4.00d0,       0.00d0,       1.00d0,       2.00d0,
     *       0.00d0
     * /
      DATA H1915/
     *      0.00d0
     *       0.00d0,    5875.00d0,
     *       0.00d0,   -1191.00d0,     917.00d0,
     *       0.00d0,    -421.00d0,      84.00d0,     360.00d0,
     *       0.00d0,     218.00d0,    -109.00d0,    -173.00d0,     -51.00d0,
     *       0.00d0,    -148.00d0,      58.00d0,     -34.00d0,    -126.00d0,
     *      32.00d0,
     *       0.00d0,      -2.00d0,      93.00d0,       8.00d0,     -26.00d0,
     *      23.00d0,     -62.00d0,
     *       0.00d0,     -48.00d0,     -14.00d0,     -12.00d0,       2.00d0,
     *      28.00d0,     -15.00d0,     -22.00d0,
     *       0.00d0,       8.00d0,     -15.00d0,       6.00d0,     -13.00d0,
     *       5.00d0,      16.00d0,      -5.00d0,     -18.00d0,
     *       0.00d0,     -20.00d0,      14.00d0,       5.00d0,      -3.00d0,
     *      -2.00d0,       8.00d0,      10.00d0,      -2.00d0,       2.00d0,
     *       0.00d0,       2.00d0,       1.00d0,       2.00d0,       6.00d0,
     *      -4.00d0,       0.00d0,      -2.00d0,       4.00d0,       0.00d0,
     *      -6.00d0
     * /
      DATA G1920/
     *      0.00d0
     *  -31060.00d0,   -2317.00d0,
     *    -839.00d0,    2959.00d0,    1407.00d0,
     *    1111.00d0,   -1600.00d0,    1205.00d0,     839.00d0,
     *     889.00d0,     695.00d0,     616.00d0,    -424.00d0,     199.00d0,
     *    -221.00d0,     326.00d0,     236.00d0,     -23.00d0,    -119.00d0,
     *     -62.00d0,
     *      61.00d0,      55.00d0,     -10.00d0,    -233.00d0,     -46.00d0,
     *      44.00d0,    -101.00d0,
     *      73.00d0,     -54.00d0,       2.00d0,      29.00d0,     -37.00d0,
     *     -16.00d0,      19.00d0,       6.00d0,
     *      11.00d0,       7.00d0,      -3.00d0,      -9.00d0,       2.00d0,
     *       4.00d0,      -7.00d0,       6.00d0,       8.00d0,
     *       8.00d0,      10.00d0,       1.00d0,     -11.00d0,      12.00d0,
     *       1.00d0,      -2.00d0,       2.00d0,       0.00d0,      -1.00d0,
     *      -3.00d0,      -4.00d0,       2.00d0,      -5.00d0,      -2.00d0,
     *       6.00d0,       4.00d0,       0.00d0,       1.00d0,       3.00d0,
     *       0.00d0
     * /
      DATA H1920/
     *      0.00d0
     *       0.00d0,    5845.00d0,
     *       0.00d0,   -1259.00d0,     823.00d0,
     *       0.00d0,    -445.00d0,     103.00d0,     293.00d0,
     *       0.00d0,     220.00d0,    -134.00d0,    -153.00d0,     -57.00d0,
     *       0.00d0,    -122.00d0,      58.00d0,     -38.00d0,    -125.00d0,
     *      43.00d0,
     *       0.00d0,       0.00d0,      96.00d0,      11.00d0,     -22.00d0,
     *      18.00d0,     -57.00d0,
     *       0.00d0,     -49.00d0,     -14.00d0,     -13.00d0,       4.00d0,
     *      28.00d0,     -16.00d0,     -22.00d0,
     *       0.00d0,       8.00d0,     -15.00d0,       6.00d0,     -14.00d0,
     *       5.00d0,      17.00d0,      -5.00d0,     -19.00d0,
     *       0.00d0,     -20.00d0,      14.00d0,       5.00d0,      -3.00d0,
     *      -2.00d0,       9.00d0,      10.00d0,      -2.00d0,       2.00d0,
     *       0.00d0,       2.00d0,       1.00d0,       2.00d0,       6.00d0,
     *      -4.00d0,       0.00d0,      -2.00d0,       4.00d0,       0.00d0,
     *      -6.00d0
     * /
      DATA G1925/
     *      0.00d0
     *  -30926.00d0,   -2318.00d0,
     *    -893.00d0,    2969.00d0,    1471.00d0,
     *    1140.00d0,   -1645.00d0,    1202.00d0,     881.00d0,
     *     891.00d0,     711.00d0,     601.00d0,    -426.00d0,     217.00d0,
     *    -230.00d0,     326.00d0,     226.00d0,     -28.00d0,    -125.00d0,
     *     -69.00d0,
     *      61.00d0,      54.00d0,      -9.00d0,    -238.00d0,     -40.00d0,
     *      39.00d0,    -103.00d0,
     *      73.00d0,     -54.00d0,       3.00d0,      27.00d0,     -35.00d0,
     *     -14.00d0,      19.00d0,       6.00d0,
     *      11.00d0,       7.00d0,      -3.00d0,      -9.00d0,       2.00d0,
     *       4.00d0,      -7.00d0,       7.00d0,       8.00d0,
     *       8.00d0,      10.00d0,       1.00d0,     -11.00d0,      12.00d0,
     *       1.00d0,      -2.00d0,       2.00d0,       0.00d0,      -1.00d0,
     *      -3.00d0,      -4.00d0,       2.00d0,      -5.00d0,      -2.00d0,
     *       6.00d0,       4.00d0,       0.00d0,       1.00d0,       3.00d0,
     *       0.00d0
     * /
      DATA H1925/
     *      0.00d0
     *       0.00d0,    5817.00d0,
     *       0.00d0,   -1334.00d0,     728.00d0,
     *       0.00d0,    -462.00d0,     119.00d0,     229.00d0,
     *       0.00d0,     216.00d0,    -163.00d0,    -130.00d0,     -70.00d0,
     *       0.00d0,     -96.00d0,      58.00d0,     -44.00d0,    -122.00d0,
     *      51.00d0,
     *       0.00d0,       3.00d0,      99.00d0,      14.00d0,     -18.00d0,
     *      13.00d0,     -52.00d0,
     *       0.00d0,     -50.00d0,     -14.00d0,     -14.00d0,       5.00d0,
     *      29.00d0,     -17.00d0,     -21.00d0,
     *       0.00d0,       8.00d0,     -15.00d0,       6.00d0,     -14.00d0,
     *       5.00d0,      17.00d0,      -5.00d0,     -19.00d0,
     *       0.00d0,     -20.00d0,      14.00d0,       5.00d0,      -3.00d0,
     *      -2.00d0,       9.00d0,      10.00d0,      -2.00d0,       2.00d0,
     *       0.00d0,       2.00d0,       1.00d0,       2.00d0,       6.00d0,
     *      -4.00d0,       0.00d0,      -2.00d0,       4.00d0,       0.00d0,
     *      -6.00d0
     * /
      DATA G1930/
     *      0.00d0
     *  -30805.00d0,   -2316.00d0,
     *    -951.00d0,    2980.00d0,    1517.00d0,
     *    1172.00d0,   -1692.00d0,    1205.00d0,     907.00d0,
     *     896.00d0,     727.00d0,     584.00d0,    -422.00d0,     234.00d0,
     *    -237.00d0,     327.00d0,     218.00d0,     -32.00d0,    -131.00d0,
     *     -74.00d0,
     *      60.00d0,      53.00d0,      -9.00d0,    -242.00d0,     -32.00d0,
     *      32.00d0,    -104.00d0,
     *      74.00d0,     -54.00d0,       4.00d0,      25.00d0,     -34.00d0,
     *     -12.00d0,      18.00d0,       6.00d0,
     *      11.00d0,       7.00d0,      -3.00d0,      -9.00d0,       2.00d0,
     *       5.00d0,      -6.00d0,       8.00d0,       8.00d0,
     *       8.00d0,      10.00d0,       1.00d0,     -12.00d0,      12.00d0,
     *       1.00d0,      -2.00d0,       3.00d0,       0.00d0,      -2.00d0,
     *      -3.00d0,      -4.00d0,       2.00d0,      -5.00d0,      -2.00d0,
     *       6.00d0,       4.00d0,       0.00d0,       1.00d0,       3.00d0,
     *       0.00d0
     * /
      DATA H1930/
     *      0.00d0
     *       0.00d0,    5808.00d0,
     *       0.00d0,   -1424.00d0,     644.00d0,
     *       0.00d0,    -480.00d0,     133.00d0,     166.00d0,
     *       0.00d0,     205.00d0,    -195.00d0,    -109.00d0,     -90.00d0,
     *       0.00d0,     -72.00d0,      60.00d0,     -53.00d0,    -118.00d0,
     *      58.00d0,
     *       0.00d0,       4.00d0,     102.00d0,      19.00d0,     -16.00d0,
     *       8.00d0,     -46.00d0,
     *       0.00d0,     -51.00d0,     -15.00d0,     -14.00d0,       6.00d0,
     *      29.00d0,     -18.00d0,     -20.00d0,
     *       0.00d0,       8.00d0,     -15.00d0,       5.00d0,     -14.00d0,
     *       5.00d0,      18.00d0,      -5.00d0,     -19.00d0,
     *       0.00d0,     -20.00d0,      14.00d0,       5.00d0,      -3.00d0,
     *      -2.00d0,       9.00d0,      10.00d0,      -2.00d0,       2.00d0,
     *       0.00d0,       2.00d0,       1.00d0,       2.00d0,       6.00d0,
     *      -4.00d0,       0.00d0,      -2.00d0,       4.00d0,       0.00d0,
     *      -6.00d0
     * /
      DATA G1935/
     *      0.00d0
     *  -30715.00d0,   -2306.00d0,
     *   -1018.00d0,    2984.00d0,    1550.00d0,
     *    1206.00d0,   -1740.00d0,    1215.00d0,     918.00d0,
     *     903.00d0,     744.00d0,     565.00d0,    -415.00d0,     249.00d0,
     *    -241.00d0,     329.00d0,     211.00d0,     -33.00d0,    -136.00d0,
     *     -76.00d0,
     *      59.00d0,      53.00d0,      -8.00d0,    -246.00d0,     -25.00d0,
     *      25.00d0,    -106.00d0,
     *      74.00d0,     -53.00d0,       4.00d0,      23.00d0,     -33.00d0,
     *     -11.00d0,      18.00d0,       6.00d0,
     *      11.00d0,       7.00d0,      -3.00d0,      -9.00d0,       1.00d0,
     *       6.00d0,      -6.00d0,       8.00d0,       7.00d0,
     *       8.00d0,      10.00d0,       1.00d0,     -12.00d0,      11.00d0,
     *       1.00d0,      -2.00d0,       3.00d0,       0.00d0,      -2.00d0,
     *      -3.00d0,      -4.00d0,       2.00d0,      -5.00d0,      -2.00d0,
     *       6.00d0,       4.00d0,       0.00d0,       2.00d0,       3.00d0,
     *       0.00d0
     * /
      DATA H1935/
     *      0.00d0
     *       0.00d0,    5812.00d0,
     *       0.00d0,   -1520.00d0,     586.00d0,
     *       0.00d0,    -494.00d0,     146.00d0,     101.00d0,
     *       0.00d0,     188.00d0,    -226.00d0,     -90.00d0,    -114.00d0,
     *       0.00d0,     -51.00d0,      64.00d0,     -64.00d0,    -115.00d0,
     *      64.00d0,
     *       0.00d0,       4.00d0,     104.00d0,      25.00d0,     -15.00d0,
     *       4.00d0,     -40.00d0,
     *       0.00d0,     -52.00d0,     -17.00d0,     -14.00d0,       7.00d0,
     *      29.00d0,     -19.00d0,     -19.00d0,
     *       0.00d0,       8.00d0,     -15.00d0,       5.00d0,     -15.00d0,
     *       5.00d0,      18.00d0,      -5.00d0,     -19.00d0,
     *       0.00d0,     -20.00d0,      15.00d0,       5.00d0,      -3.00d0,
     *      -3.00d0,       9.00d0,      11.00d0,      -2.00d0,       2.00d0,
     *       0.00d0,       2.00d0,       1.00d0,       2.00d0,       6.00d0,
     *      -4.00d0,       0.00d0,      -1.00d0,       4.00d0,       0.00d0,
     *      -6.00d0
     * /
      DATA G1940/
     *      0.00d0
     *  -30654.00d0,   -2292.00d0,
     *   -1106.00d0,    2981.00d0,    1566.00d0,
     *    1240.00d0,   -1790.00d0,    1232.00d0,     916.00d0,
     *     914.00d0,     762.00d0,     550.00d0,    -405.00d0,     265.00d0,
     *    -241.00d0,     334.00d0,     208.00d0,     -33.00d0,    -141.00d0,
     *     -76.00d0,
     *      57.00d0,      54.00d0,      -7.00d0,    -249.00d0,     -18.00d0,
     *      18.00d0,    -107.00d0,
     *      74.00d0,     -53.00d0,       4.00d0,      20.00d0,     -31.00d0,
     *      -9.00d0,      17.00d0,       5.00d0,
     *      11.00d0,       7.00d0,      -3.00d0,     -10.00d0,       1.00d0,
     *       6.00d0,      -5.00d0,       9.00d0,       7.00d0,
     *       8.00d0,      10.00d0,       1.00d0,     -12.00d0,      11.00d0,
     *       1.00d0,      -2.00d0,       3.00d0,       1.00d0,      -2.00d0,
     *      -3.00d0,      -4.00d0,       2.00d0,      -5.00d0,      -2.00d0,
     *       6.00d0,       4.00d0,       0.00d0,       2.00d0,       3.00d0,
     *       0.00d0
     * /
      DATA H1940/
     *      0.00d0
     *       0.00d0,    5821.00d0,
     *       0.00d0,   -1614.00d0,     528.00d0,
     *       0.00d0,    -499.00d0,     163.00d0,      43.00d0,
     *       0.00d0,     169.00d0,    -252.00d0,     -72.00d0,    -141.00d0,
     *       0.00d0,     -33.00d0,      71.00d0,     -75.00d0,    -113.00d0,
     *      69.00d0,
     *       0.00d0,       4.00d0,     105.00d0,      33.00d0,     -15.00d0,
     *       0.00d0,     -33.00d0,
     *       0.00d0,     -52.00d0,     -18.00d0,     -14.00d0,       7.00d0,
     *      29.00d0,     -20.00d0,     -19.00d0,
     *       0.00d0,       8.00d0,     -14.00d0,       5.00d0,     -15.00d0,
     *       5.00d0,      19.00d0,      -5.00d0,     -19.00d0,
     *       0.00d0,     -21.00d0,      15.00d0,       5.00d0,      -3.00d0,
     *      -3.00d0,       9.00d0,      11.00d0,      -2.00d0,       2.00d0,
     *       0.00d0,       2.00d0,       1.00d0,       2.00d0,       6.00d0,
     *      -4.00d0,       0.00d0,      -1.00d0,       4.00d0,       0.00d0,
     *      -6.00d0
     * /
      DATA G1945/
     *      0.00d0
     *  -30594.00d0,   -2285.00d0,
     *   -1244.00d0,    2990.00d0,    1578.00d0,
     *    1282.00d0,   -1834.00d0,    1255.00d0,     913.00d0,
     *     944.00d0,     776.00d0,     544.00d0,    -421.00d0,     304.00d0,
     *    -253.00d0,     346.00d0,     194.00d0,     -20.00d0,    -142.00d0,
     *     -82.00d0,
     *      59.00d0,      57.00d0,       6.00d0,    -246.00d0,     -25.00d0,
     *      21.00d0,    -104.00d0,
     *      70.00d0,     -40.00d0,       0.00d0,       0.00d0,     -29.00d0,
     *     -10.00d0,      15.00d0,      29.00d0,
     *      13.00d0,       7.00d0,      -8.00d0,      -5.00d0,       9.00d0,
     *       7.00d0,     -10.00d0,       7.00d0,       2.00d0,
     *       5.00d0,     -21.00d0,       1.00d0,     -11.00d0,       3.00d0,
     *      16.00d0,      -3.00d0,      -4.00d0,      -3.00d0,      -4.00d0,
     *      -3.00d0,      11.00d0,       1.00d0,       2.00d0,      -5.00d0,
     *      -1.00d0,       8.00d0,      -1.00d0,      -3.00d0,       5.00d0,
     *      -2.00d0
     * /
      DATA H1945/
     *      0.00d0
     *       0.00d0,    5810.00d0,
     *       0.00d0,   -1702.00d0,     477.00d0,
     *       0.00d0,    -499.00d0,     186.00d0,     -11.00d0,
     *       0.00d0,     144.00d0,    -276.00d0,     -55.00d0,    -178.00d0,
     *       0.00d0,     -12.00d0,      95.00d0,     -67.00d0,    -119.00d0,
     *      82.00d0,
     *       0.00d0,       6.00d0,     100.00d0,      16.00d0,      -9.00d0,
     *     -16.00d0,     -39.00d0,
     *       0.00d0,     -45.00d0,     -18.00d0,       2.00d0,       6.00d0,
     *      28.00d0,     -17.00d0,     -22.00d0,
     *       0.00d0,      12.00d0,     -21.00d0,     -12.00d0,      -7.00d0,
     *       2.00d0,      18.00d0,       3.00d0,     -11.00d0,
     *       0.00d0,     -27.00d0,      17.00d0,      29.00d0,      -9.00d0,
     *       4.00d0,       9.00d0,       6.00d0,       1.00d0,       8.00d0,
     *       0.00d0,       5.00d0,       1.00d0,     -20.00d0,      -1.00d0,
     *      -6.00d0,       6.00d0,      -4.00d0,      -2.00d0,       0.00d0,
     *      -2.00d0
     * /
      DATA G1950/
     *      0.00d0
     *  -30554.00d0,   -2250.00d0,
     *   -1341.00d0,    2998.00d0,    1576.00d0,
     *    1297.00d0,   -1889.00d0,    1274.00d0,     896.00d0,
     *     954.00d0,     792.00d0,     528.00d0,    -408.00d0,     303.00d0,
     *    -240.00d0,     349.00d0,     211.00d0,     -20.00d0,    -147.00d0,
     *     -76.00d0,
     *      54.00d0,      57.00d0,       4.00d0,    -247.00d0,     -16.00d0,
     *      12.00d0,    -105.00d0,
     *      65.00d0,     -55.00d0,       2.00d0,       1.00d0,     -40.00d0,
     *      -7.00d0,       5.00d0,      19.00d0,
     *      22.00d0,      15.00d0,      -4.00d0,      -1.00d0,      11.00d0,
     *      15.00d0,     -13.00d0,       5.00d0,      -1.00d0,
     *       3.00d0,      -7.00d0,      -1.00d0,     -25.00d0,      10.00d0,
     *       5.00d0,      -5.00d0,      -2.00d0,       3.00d0,       8.00d0,
     *      -8.00d0,       4.00d0,      -1.00d0,      13.00d0,      -4.00d0,
     *       4.00d0,      12.00d0,       3.00d0,       2.00d0,      10.00d0,
     *       3.00d0
     * /
      DATA H1950/
     *      0.00d0
     *       0.00d0,    5815.00d0,
     *       0.00d0,   -1810.00d0,     381.00d0,
     *       0.00d0,    -476.00d0,     206.00d0,     -46.00d0,
     *       0.00d0,     136.00d0,    -278.00d0,     -37.00d0,    -210.00d0,
     *       0.00d0,       3.00d0,     103.00d0,     -87.00d0,    -122.00d0,
     *      80.00d0,
     *       0.00d0,      -1.00d0,      99.00d0,      33.00d0,     -12.00d0,
     *     -12.00d0,     -30.00d0,
     *       0.00d0,     -35.00d0,     -17.00d0,       0.00d0,      10.00d0,
     *      36.00d0,     -18.00d0,     -16.00d0,
     *       0.00d0,       5.00d0,     -22.00d0,       0.00d0,     -21.00d0,
     *      -8.00d0,      17.00d0,      -4.00d0,     -17.00d0,
     *       0.00d0,     -24.00d0,      19.00d0,      12.00d0,       2.00d0,
     *       2.00d0,       8.00d0,       8.00d0,     -11.00d0,      -7.00d0,
     *       0.00d0,      13.00d0,      -2.00d0,     -10.00d0,       2.00d0,
     *      -3.00d0,       6.00d0,      -3.00d0,       6.00d0,      11.00d0,
     *       8.00d0
     * /
      DATA G1955/
     *      0.00d0
     *  -30500.00d0,   -2215.00d0,
     *   -1440.00d0,    3003.00d0,    1581.00d0,
     *    1302.00d0,   -1944.00d0,    1288.00d0,     882.00d0,
     *     958.00d0,     796.00d0,     510.00d0,    -397.00d0,     290.00d0,
     *    -229.00d0,     360.00d0,     230.00d0,     -23.00d0,    -152.00d0,
     *     -69.00d0,
     *      47.00d0,      57.00d0,       3.00d0,    -247.00d0,      -8.00d0,
     *       7.00d0,    -107.00d0,
     *      65.00d0,     -56.00d0,       2.00d0,      10.00d0,     -32.00d0,
     *     -11.00d0,       9.00d0,      18.00d0,
     *      11.00d0,       9.00d0,      -6.00d0,     -14.00d0,       6.00d0,
     *      10.00d0,      -7.00d0,       6.00d0,       9.00d0,
     *       4.00d0,       9.00d0,      -4.00d0,      -5.00d0,       2.00d0,
     *       4.00d0,       1.00d0,       2.00d0,       2.00d0,       5.00d0,
     *      -3.00d0,      -5.00d0,      -1.00d0,       2.00d0,      -3.00d0,
     *       7.00d0,       4.00d0,      -2.00d0,       6.00d0,      -2.00d0,
     *       0.00d0
     * /
      DATA H1955/
     *      0.00d0
     *       0.00d0,    5820.00d0,
     *       0.00d0,   -1898.00d0,     291.00d0,
     *       0.00d0,    -462.00d0,     216.00d0,     -83.00d0,
     *       0.00d0,     133.00d0,    -274.00d0,     -23.00d0,    -230.00d0,
     *       0.00d0,      15.00d0,     110.00d0,     -98.00d0,    -121.00d0,
     *      78.00d0,
     *       0.00d0,      -9.00d0,      96.00d0,      48.00d0,     -16.00d0,
     *     -12.00d0,     -24.00d0,
     *       0.00d0,     -50.00d0,     -24.00d0,      -4.00d0,       8.00d0,
     *      28.00d0,     -20.00d0,     -18.00d0,
     *       0.00d0,      10.00d0,     -15.00d0,       5.00d0,     -23.00d0,
     *       3.00d0,      23.00d0,      -4.00d0,     -13.00d0,
     *       0.00d0,     -11.00d0,      12.00d0,       7.00d0,       6.00d0,
     *      -2.00d0,      10.00d0,       7.00d0,      -6.00d0,       5.00d0,
     *       0.00d0,      -4.00d0,       0.00d0,      -8.00d0,      -2.00d0,
     *      -4.00d0,       1.00d0,      -3.00d0,       7.00d0,      -1.00d0,
     *      -3.00d0
     * /
      DATA G1960/
     *      0.00d0
     *  -30421.00d0,   -2169.00d0,
     *   -1555.00d0,    3002.00d0,    1590.00d0,
     *    1302.00d0,   -1992.00d0,    1289.00d0,     878.00d0,
     *     957.00d0,     800.00d0,     504.00d0,    -394.00d0,     269.00d0,
     *    -222.00d0,     362.00d0,     242.00d0,     -26.00d0,    -156.00d0,
     *     -63.00d0,
     *      46.00d0,      58.00d0,       1.00d0,    -237.00d0,      -1.00d0,
     *      -2.00d0,    -113.00d0,
     *      67.00d0,     -56.00d0,       5.00d0,      15.00d0,     -32.00d0,
     *      -7.00d0,      17.00d0,       8.00d0,
     *      15.00d0,       6.00d0,      -4.00d0,     -11.00d0,       2.00d0,
     *      10.00d0,      -5.00d0,      10.00d0,       8.00d0,
     *       4.00d0,       6.00d0,       0.00d0,      -9.00d0,       1.00d0,
     *       4.00d0,      -1.00d0,      -2.00d0,       3.00d0,      -1.00d0,
     *       1.00d0,      -3.00d0,       4.00d0,       0.00d0,      -1.00d0,
     *       4.00d0,       6.00d0,       1.00d0,      -1.00d0,       2.00d0,
     *       0.00d0
     * /
      DATA H1960/
     *      0.00d0
     *       0.00d0,    5791.00d0,
     *       0.00d0,   -1967.00d0,     206.00d0,
     *       0.00d0,    -414.00d0,     224.00d0,    -130.00d0,
     *       0.00d0,     135.00d0,    -278.00d0,       3.00d0,    -255.00d0,
     *       0.00d0,      16.00d0,     125.00d0,    -117.00d0,    -114.00d0,
     *      81.00d0,
     *       0.00d0,     -10.00d0,      99.00d0,      60.00d0,     -20.00d0,
     *     -11.00d0,     -17.00d0,
     *       0.00d0,     -55.00d0,     -28.00d0,      -6.00d0,       7.00d0,
     *      23.00d0,     -18.00d0,     -17.00d0,
     *       0.00d0,      11.00d0,     -14.00d0,       7.00d0,     -18.00d0,
     *       4.00d0,      23.00d0,       1.00d0,     -20.00d0,
     *       0.00d0,     -18.00d0,      12.00d0,       2.00d0,       0.00d0,
     *      -3.00d0,       9.00d0,       8.00d0,       0.00d0,       5.00d0,
     *       0.00d0,       4.00d0,       1.00d0,       0.00d0,       2.00d0,
     *      -5.00d0,       1.00d0,      -1.00d0,       6.00d0,       0.00d0,
     *      -7.00d0
     * /
      DATA G1965/
     *      0.00d0
     *  -30334.00d0,   -2119.00d0,
     *   -1662.00d0,    2997.00d0,    1594.00d0,
     *    1297.00d0,   -2038.00d0,    1292.00d0,     856.00d0,
     *     957.00d0,     804.00d0,     479.00d0,    -390.00d0,     252.00d0,
     *    -219.00d0,     358.00d0,     254.00d0,     -31.00d0,    -157.00d0,
     *     -62.00d0,
     *      45.00d0,      61.00d0,       8.00d0,    -228.00d0,       4.00d0,
     *       1.00d0,    -111.00d0,
     *      75.00d0,     -57.00d0,       4.00d0,      13.00d0,     -26.00d0,
     *      -6.00d0,      13.00d0,       1.00d0,
     *      13.00d0,       5.00d0,      -4.00d0,     -14.00d0,       0.00d0,
     *       8.00d0,      -1.00d0,      11.00d0,       4.00d0,
     *       8.00d0,      10.00d0,       2.00d0,     -13.00d0,      10.00d0,
     *      -1.00d0,      -1.00d0,       5.00d0,       1.00d0,      -2.00d0,
     *      -2.00d0,      -3.00d0,       2.00d0,      -5.00d0,      -2.00d0,
     *       4.00d0,       4.00d0,       0.00d0,       2.00d0,       2.00d0,
     *       0.00d0
     * /
      DATA H1965/
     *      0.00d0
     *       0.00d0,    5776.00d0,
     *       0.00d0,   -2016.00d0,     114.00d0,
     *       0.00d0,    -404.00d0,     240.00d0,    -165.00d0,
     *       0.00d0,     148.00d0,    -269.00d0,      13.00d0,    -269.00d0,
     *       0.00d0,      19.00d0,     128.00d0,    -126.00d0,     -97.00d0,
     *      81.00d0,
     *       0.00d0,     -11.00d0,     100.00d0,      68.00d0,     -32.00d0,
     *      -8.00d0,      -7.00d0,
     *       0.00d0,     -61.00d0,     -27.00d0,      -2.00d0,       6.00d0,
     *      26.00d0,     -23.00d0,     -12.00d0,
     *       0.00d0,       7.00d0,     -12.00d0,       9.00d0,     -16.00d0,
     *       4.00d0,      24.00d0,      -3.00d0,     -17.00d0,
     *       0.00d0,     -22.00d0,      15.00d0,       7.00d0,      -4.00d0,
     *      -5.00d0,      10.00d0,      10.00d0,      -4.00d0,       1.00d0,
     *       0.00d0,       2.00d0,       1.00d0,       2.00d0,       6.00d0,
     *      -4.00d0,       0.00d0,      -2.00d0,       3.00d0,       0.00d0,
     *      -6.00d0
     * /
      DATA G1970/
     *      0.00d0
     *  -30220.00d0,   -2068.00d0,
     *   -1781.00d0,    3000.00d0,    1611.00d0,
     *    1287.00d0,   -2091.00d0,    1278.00d0,     838.00d0,
     *     952.00d0,     800.00d0,     461.00d0,    -395.00d0,     234.00d0,
     *    -216.00d0,     359.00d0,     262.00d0,     -42.00d0,    -160.00d0,
     *     -56.00d0,
     *      43.00d0,      64.00d0,      15.00d0,    -212.00d0,       2.00d0,
     *       3.00d0,    -112.00d0,
     *      72.00d0,     -57.00d0,       1.00d0,      14.00d0,     -22.00d0,
     *      -2.00d0,      13.00d0,      -2.00d0,
     *      14.00d0,       6.00d0,      -2.00d0,     -13.00d0,      -3.00d0,
     *       5.00d0,       0.00d0,      11.00d0,       3.00d0,
     *       8.00d0,      10.00d0,       2.00d0,     -12.00d0,      10.00d0,
     *      -1.00d0,       0.00d0,       3.00d0,       1.00d0,      -1.00d0,
     *      -3.00d0,      -3.00d0,       2.00d0,      -5.00d0,      -1.00d0,
     *       6.00d0,       4.00d0,       1.00d0,       0.00d0,       3.00d0,
     *      -1.00d0
     * /
      DATA H1970/
     *      0.00d0
     *       0.00d0,    5737.00d0,
     *       0.00d0,   -2047.00d0,      25.00d0,
     *       0.00d0,    -366.00d0,     251.00d0,    -196.00d0,
     *       0.00d0,     167.00d0,    -266.00d0,      26.00d0,    -279.00d0,
     *       0.00d0,      26.00d0,     139.00d0,    -139.00d0,     -91.00d0,
     *      83.00d0,
     *       0.00d0,     -12.00d0,     100.00d0,      72.00d0,     -37.00d0,
     *      -6.00d0,       1.00d0,
     *       0.00d0,     -70.00d0,     -27.00d0,      -4.00d0,       8.00d0,
     *      23.00d0,     -23.00d0,     -11.00d0,
     *       0.00d0,       7.00d0,     -15.00d0,       6.00d0,     -17.00d0,
     *       6.00d0,      21.00d0,      -6.00d0,     -16.00d0,
     *       0.00d0,     -21.00d0,      16.00d0,       6.00d0,      -4.00d0,
     *      -5.00d0,      10.00d0,      11.00d0,      -2.00d0,       1.00d0,
     *       0.00d0,       1.00d0,       1.00d0,       3.00d0,       4.00d0,
     *      -4.00d0,       0.00d0,      -1.00d0,       3.00d0,       1.00d0,
     *      -4.00d0
     * /
      DATA G1975/
     *      0.00d0
     *  -30100.00d0,   -2013.00d0,
     *   -1902.00d0,    3010.00d0,    1632.00d0,
     *    1276.00d0,   -2144.00d0,    1260.00d0,     830.00d0,
     *     946.00d0,     791.00d0,     438.00d0,    -405.00d0,     216.00d0,
     *    -218.00d0,     356.00d0,     264.00d0,     -59.00d0,    -159.00d0,
     *     -49.00d0,
     *      45.00d0,      66.00d0,      28.00d0,    -198.00d0,       1.00d0,
     *       6.00d0,    -111.00d0,
     *      71.00d0,     -56.00d0,       1.00d0,      16.00d0,     -14.00d0,
     *       0.00d0,      12.00d0,      -5.00d0,
     *      14.00d0,       6.00d0,      -1.00d0,     -12.00d0,      -8.00d0,
     *       4.00d0,       0.00d0,      10.00d0,       1.00d0,
     *       7.00d0,      10.00d0,       2.00d0,     -12.00d0,      10.00d0,
     *      -1.00d0,      -1.00d0,       4.00d0,       1.00d0,      -2.00d0,
     *      -3.00d0,      -3.00d0,       2.00d0,      -5.00d0,      -2.00d0,
     *       5.00d0,       4.00d0,       1.00d0,       0.00d0,       3.00d0,
     *      -1.00d0
     * /
      DATA H1975/
     *      0.00d0
     *       0.00d0,    5675.00d0,
     *       0.00d0,   -2067.00d0,     -68.00d0,
     *       0.00d0,    -333.00d0,     262.00d0,    -223.00d0,
     *       0.00d0,     191.00d0,    -265.00d0,      39.00d0,    -288.00d0,
     *       0.00d0,      31.00d0,     148.00d0,    -152.00d0,     -83.00d0,
     *      88.00d0,
     *       0.00d0,     -13.00d0,      99.00d0,      75.00d0,     -41.00d0,
     *      -4.00d0,      11.00d0,
     *       0.00d0,     -77.00d0,     -26.00d0,      -5.00d0,      10.00d0,
     *      22.00d0,     -23.00d0,     -12.00d0,
     *       0.00d0,       6.00d0,     -16.00d0,       4.00d0,     -19.00d0,
     *       6.00d0,      18.00d0,     -10.00d0,     -17.00d0,
     *       0.00d0,     -21.00d0,      16.00d0,       7.00d0,      -4.00d0,
     *      -5.00d0,      10.00d0,      11.00d0,      -3.00d0,       1.00d0,
     *       0.00d0,       1.00d0,       1.00d0,       3.00d0,       4.00d0,
     *      -4.00d0,      -1.00d0,      -1.00d0,       3.00d0,       1.00d0,
     *      -5.00d0
     * /
      DATA G1980/
     *      0.00d0
     *  -29992.00d0,   -1956.00d0,
     *   -1997.00d0,    3027.00d0,    1663.00d0,
     *    1281.00d0,   -2180.00d0,    1251.00d0,     833.00d0,
     *     938.00d0,     782.00d0,     398.00d0,    -419.00d0,     199.00d0,
     *    -218.00d0,     357.00d0,     261.00d0,     -74.00d0,    -162.00d0,
     *     -48.00d0,
     *      48.00d0,      66.00d0,      42.00d0,    -192.00d0,       4.00d0,
     *      14.00d0,    -108.00d0,
     *      72.00d0,     -59.00d0,       2.00d0,      21.00d0,     -12.00d0,
     *       1.00d0,      11.00d0,      -2.00d0,
     *      18.00d0,       6.00d0,       0.00d0,     -11.00d0,      -7.00d0,
     *       4.00d0,       3.00d0,       6.00d0,      -1.00d0,
     *       5.00d0,      10.00d0,       1.00d0,     -12.00d0,       9.00d0,
     *      -3.00d0,      -1.00d0,       7.00d0,       2.00d0,      -5.00d0,
     *      -4.00d0,      -4.00d0,       2.00d0,      -5.00d0,      -2.00d0,
     *       5.00d0,       3.00d0,       1.00d0,       2.00d0,       3.00d0,
     *       0.00d0
     * /
      DATA H1980/
     *      0.00d0
     *       0.00d0,    5604.00d0,
     *       0.00d0,   -2129.00d0,    -200.00d0,
     *       0.00d0,    -336.00d0,     271.00d0,    -252.00d0,
     *       0.00d0,     212.00d0,    -257.00d0,      53.00d0,    -297.00d0,
     *       0.00d0,      46.00d0,     150.00d0,    -151.00d0,     -78.00d0,
     *      92.00d0,
     *       0.00d0,     -15.00d0,      93.00d0,      71.00d0,     -43.00d0,
     *      -2.00d0,      17.00d0,
     *       0.00d0,     -82.00d0,     -27.00d0,      -5.00d0,      16.00d0,
     *      18.00d0,     -23.00d0,     -10.00d0,
     *       0.00d0,       7.00d0,     -18.00d0,       4.00d0,     -22.00d0,
     *       9.00d0,      16.00d0,     -13.00d0,     -15.00d0,
     *       0.00d0,     -21.00d0,      16.00d0,       9.00d0,      -5.00d0,
     *      -6.00d0,       9.00d0,      10.00d0,      -6.00d0,       2.00d0,
     *       0.00d0,       1.00d0,       0.00d0,       3.00d0,       6.00d0,
     *      -4.00d0,       0.00d0,      -1.00d0,       4.00d0,       0.00d0,
     *      -6.00d0
     * /
      DATA G1985/
     *      0.00d0
     *  -29873.00d0,   -1905.00d0,
     *   -2072.00d0,    3044.00d0,    1687.00d0,
     *    1296.00d0,   -2208.00d0,    1247.00d0,     829.00d0,
     *     936.00d0,     780.00d0,     361.00d0,    -424.00d0,     170.00d0,
     *    -214.00d0,     355.00d0,     253.00d0,     -93.00d0,    -164.00d0,
     *     -46.00d0,
     *      53.00d0,      65.00d0,      51.00d0,    -185.00d0,       4.00d0,
     *      16.00d0,    -102.00d0,
     *      74.00d0,     -62.00d0,       3.00d0,      24.00d0,      -6.00d0,
     *       4.00d0,      10.00d0,       0.00d0,
     *      21.00d0,       6.00d0,       0.00d0,     -11.00d0,      -9.00d0,
     *       4.00d0,       4.00d0,       4.00d0,      -4.00d0,
     *       5.00d0,      10.00d0,       1.00d0,     -12.00d0,       9.00d0,
     *      -3.00d0,      -1.00d0,       7.00d0,       1.00d0,      -5.00d0,
     *      -4.00d0,      -4.00d0,       3.00d0,      -5.00d0,      -2.00d0,
     *       5.00d0,       3.00d0,       1.00d0,       2.00d0,       3.00d0,
     *       0.00d0
     * /
      DATA H1985/
     *      0.00d0
     *       0.00d0,    5500.00d0,
     *       0.00d0,   -2197.00d0,    -306.00d0,
     *       0.00d0,    -310.00d0,     284.00d0,    -297.00d0,
     *       0.00d0,     232.00d0,    -249.00d0,      69.00d0,    -297.00d0,
     *       0.00d0,      47.00d0,     150.00d0,    -154.00d0,     -75.00d0,
     *      95.00d0,
     *       0.00d0,     -16.00d0,      88.00d0,      69.00d0,     -48.00d0,
     *      -1.00d0,      21.00d0,
     *       0.00d0,     -83.00d0,     -27.00d0,      -2.00d0,      20.00d0,
     *      17.00d0,     -23.00d0,      -7.00d0,
     *       0.00d0,       8.00d0,     -19.00d0,       5.00d0,     -23.00d0,
     *      11.00d0,      14.00d0,     -15.00d0,     -11.00d0,
     *       0.00d0,     -21.00d0,      15.00d0,       9.00d0,      -6.00d0,
     *      -6.00d0,       9.00d0,       9.00d0,      -7.00d0,       2.00d0,
     *       0.00d0,       1.00d0,       0.00d0,       3.00d0,       6.00d0,
     *      -4.00d0,       0.00d0,      -1.00d0,       4.00d0,       0.00d0,
     *      -6.00d0
     * /
      DATA G1990/
     *      0.00d0
     *  -29775.00d0,   -1848.00d0,
     *   -2131.00d0,    3059.00d0,    1686.00d0,
     *    1314.00d0,   -2239.00d0,    1248.00d0,     802.00d0,
     *     939.00d0,     780.00d0,     325.00d0,    -423.00d0,     141.00d0,
     *    -214.00d0,     353.00d0,     245.00d0,    -109.00d0,    -165.00d0,
     *     -36.00d0,
     *      61.00d0,      65.00d0,      59.00d0,    -178.00d0,       3.00d0,
     *      18.00d0,     -96.00d0,
     *      77.00d0,     -64.00d0,       2.00d0,      26.00d0,      -1.00d0,
     *       5.00d0,       9.00d0,       0.00d0,
     *      23.00d0,       5.00d0,      -1.00d0,     -10.00d0,     -12.00d0,
     *       3.00d0,       4.00d0,       2.00d0,      -6.00d0,
     *       4.00d0,       9.00d0,       1.00d0,     -12.00d0,       9.00d0,
     *      -4.00d0,      -2.00d0,       7.00d0,       1.00d0,      -6.00d0,
     *      -3.00d0,      -4.00d0,       2.00d0,      -5.00d0,      -2.00d0,
     *       4.00d0,       3.00d0,       1.00d0,       3.00d0,       3.00d0,
     *       0.00d0
     * /
      DATA H1990/
     *      0.00d0
     *       0.00d0,    5406.00d0,
     *       0.00d0,   -2279.00d0,    -373.00d0,
     *       0.00d0,    -284.00d0,     293.00d0,    -352.00d0,
     *       0.00d0,     247.00d0,    -240.00d0,      84.00d0,    -299.00d0,
     *       0.00d0,      46.00d0,     154.00d0,    -153.00d0,     -69.00d0,
     *      97.00d0,
     *       0.00d0,     -16.00d0,      82.00d0,      69.00d0,     -52.00d0,
     *       1.00d0,      24.00d0,
     *       0.00d0,     -80.00d0,     -26.00d0,       0.00d0,      21.00d0,
     *      17.00d0,     -23.00d0,      -4.00d0,
     *       0.00d0,      10.00d0,     -19.00d0,       6.00d0,     -22.00d0,
     *      12.00d0,      12.00d0,     -16.00d0,     -10.00d0,
     *       0.00d0,     -20.00d0,      15.00d0,      11.00d0,      -7.00d0,
     *      -7.00d0,       9.00d0,       8.00d0,      -7.00d0,       2.00d0,
     *       0.00d0,       2.00d0,       1.00d0,       3.00d0,       6.00d0,
     *      -4.00d0,       0.00d0,      -2.00d0,       3.00d0,      -1.00d0,
     *      -6.00d0
     * /
      DATA G1995/
     *      0.00d0
     *  -29692.00d0,   -1784.00d0,
     *   -2200.00d0,    3070.00d0,    1681.00d0,
     *    1335.00d0,   -2267.00d0,    1249.00d0,     759.00d0,
     *     940.00d0,     780.00d0,     290.00d0,    -418.00d0,     122.00d0,
     *    -214.00d0,     352.00d0,     235.00d0,    -118.00d0,    -166.00d0,
     *     -17.00d0,
     *      68.00d0,      67.00d0,      68.00d0,    -170.00d0,      -1.00d0,
     *      19.00d0,     -93.00d0,
     *      77.00d0,     -72.00d0,       1.00d0,      28.00d0,       5.00d0,
     *       4.00d0,       8.00d0,      -2.00d0,
     *      25.00d0,       6.00d0,      -6.00d0,      -9.00d0,     -14.00d0,
     *       9.00d0,       6.00d0,      -5.00d0,      -7.00d0,
     *       4.00d0,       9.00d0,       3.00d0,     -10.00d0,       8.00d0,
     *      -8.00d0,      -1.00d0,      10.00d0,      -2.00d0,      -8.00d0,
     *      -3.00d0,      -6.00d0,       2.00d0,      -4.00d0,      -1.00d0,
     *       4.00d0,       2.00d0,       2.00d0,       5.00d0,       1.00d0,
     *       0.00d0
     * /
      DATA H1995/
     *      0.00d0
     *       0.00d0,    5306.00d0,
     *       0.00d0,   -2366.00d0,    -413.00d0,
     *       0.00d0,    -262.00d0,     302.00d0,    -427.00d0,
     *       0.00d0,     262.00d0,    -236.00d0,      97.00d0,    -306.00d0,
     *       0.00d0,      46.00d0,     165.00d0,    -143.00d0,     -55.00d0,
     *     107.00d0,
     *       0.00d0,     -17.00d0,      72.00d0,      67.00d0,     -58.00d0,
     *       1.00d0,      36.00d0,
     *       0.00d0,     -69.00d0,     -25.00d0,       4.00d0,      24.00d0,
     *      17.00d0,     -24.00d0,      -6.00d0,
     *       0.00d0,      11.00d0,     -21.00d0,       8.00d0,     -23.00d0,
     *      15.00d0,      11.00d0,     -16.00d0,      -4.00d0,
     *       0.00d0,     -20.00d0,      15.00d0,      12.00d0,      -6.00d0,
     *      -8.00d0,       8.00d0,       5.00d0,      -8.00d0,       3.00d0,
     *       0.00d0,       1.00d0,       0.00d0,       4.00d0,       5.00d0,
     *      -5.00d0,      -1.00d0,      -2.00d0,       1.00d0,      -2.00d0,
     *      -7.00d0
     * /
      DATA G2000/
     *      0.00d0
     *  -29619.40d0,   -1728.20d0,
     *   -2267.70d0,    3068.40d0,    1670.90d0,
     *    1339.60d0,   -2288.00d0,    1252.10d0,     714.50d0,
     *     932.30d0,     786.80d0,     250.00d0,    -403.00d0,     111.30d0,
     *    -218.80d0,     351.40d0,     222.30d0,    -130.40d0,    -168.60d0,
     *     -12.90d0,
     *      72.30d0,      68.20d0,      74.20d0,    -160.90d0,      -5.90d0,
     *      16.90d0,     -90.40d0,
     *      79.00d0,     -74.00d0,       0.00d0,      33.30d0,       9.10d0,
     *       6.90d0,       7.30d0,      -1.20d0,
     *      24.40d0,       6.60d0,      -9.20d0,      -7.90d0,     -16.60d0,
     *       9.10d0,       7.00d0,      -7.90d0,      -7.00d0,
     *       5.00d0,       9.40d0,       3.00d0,      -8.40d0,       6.30d0,
     *      -8.90d0,      -1.50d0,       9.30d0,      -4.30d0,      -8.20d0,
     *      -2.60d0,      -6.00d0,       1.70d0,      -3.10d0,      -0.50d0,
     *       3.70d0,       1.00d0,       2.00d0,       4.20d0,       0.30d0,
     *      -1.10d0
     * /
      DATA H2000/
     *      0.00d0
     *       0.00d0,    5186.10d0,
     *       0.00d0,   -2481.60d0,    -458.00d0,
     *       0.00d0,    -227.60d0,     293.40d0,    -491.10d0,
     *       0.00d0,     272.60d0,    -231.90d0,     119.80d0,    -303.80d0,
     *       0.00d0,      43.80d0,     171.90d0,    -133.10d0,     -39.30d0,
     *     106.30d0,
     *       0.00d0,     -17.40d0,      63.70d0,      65.10d0,     -61.20d0,
     *       0.70d0,      43.80d0,
     *       0.00d0,     -64.60d0,     -24.20d0,       6.20d0,      24.00d0,
     *      14.80d0,     -25.40d0,      -5.80d0,
     *       0.00d0,      11.90d0,     -21.50d0,       8.50d0,     -21.50d0,
     *      15.50d0,       8.90d0,     -14.90d0,      -2.10d0,
     *       0.00d0,     -19.70d0,      13.40d0,      12.50d0,      -6.20d0,
     *      -8.40d0,       8.40d0,       3.80d0,      -8.20d0,       4.80d0,
     *       0.00d0,       1.70d0,       0.00d0,       4.00d0,       4.90d0,
     *      -5.90d0,      -1.20d0,      -2.90d0,       0.20d0,      -2.20d0,
     *      -7.40d0
     * /
      DATA G2005/
     *      0.00d0
     *  -29554.63d0,   -1669.05d0,
     *   -2337.24d0,    3047.69d0,    1657.76d0,
     *    1336.30d0,   -2305.83d0,    1246.39d0,     672.51d0,
     *     920.55d0,     797.96d0,     210.65d0,    -379.86d0,     100.00d0,
     *    -227.00d0,     354.41d0,     208.95d0,    -136.54d0,    -168.05d0,
     *     -13.55d0,
     *      73.60d0,      69.56d0,      76.74d0,    -151.34d0,     -14.58d0,
     *      14.58d0,     -86.36d0,
     *      79.88d0,     -74.46d0,      -1.65d0,      38.73d0,      12.30d0,
     *       9.37d0,       5.42d0,       1.94d0,
     *      24.80d0,       7.62d0,     -11.73d0,      -6.88d0,     -18.11d0,
     *      10.17d0,       9.36d0,     -11.25d0,      -4.87d0,
     *       5.58d0,       9.76d0,       3.58d0,      -6.94d0,       5.01d0,
     *     -10.76d0,      -1.25d0,       8.76d0,      -6.66d0,      -9.22d0,
     *      -2.17d0,      -6.12d0,       1.42d0,      -2.35d0,      -0.15d0,
     *       3.06d0,       0.29d0,       2.06d0,       3.77d0,      -0.21d0,
     *      -2.09d0
     * /
      DATA H2005/
     *      0.00d0
     *       0.00d0,    5077.99d0,
     *       0.00d0,   -2594.50d0,    -515.43d0,
     *       0.00d0,    -198.86d0,     269.72d0,    -524.72d0,
     *       0.00d0,     282.07d0,    -225.23d0,     145.15d0,    -305.36d0,
     *       0.00d0,      42.72d0,     180.25d0,    -123.45d0,     -19.57d0,
     *     103.85d0,
     *       0.00d0,     -20.33d0,      54.75d0,      63.63d0,     -63.53d0,
     *       0.24d0,      50.94d0,
     *       0.00d0,     -61.14d0,     -22.57d0,       6.82d0,      25.35d0,
     *      10.93d0,     -26.32d0,      -4.64d0,
     *       0.00d0,      11.20d0,     -20.88d0,       9.83d0,     -19.71d0,
     *      16.22d0,       7.61d0,     -12.76d0,      -0.06d0,
     *       0.00d0,     -20.11d0,      12.69d0,      12.67d0,      -6.72d0,
     *      -8.16d0,       8.10d0,       2.92d0,      -7.73d0,       6.01d0,
     *       0.00d0,       2.19d0,       0.10d0,       4.46d0,       4.76d0,
     *      -6.58d0,      -1.01d0,      -3.47d0,      -0.86d0,      -2.31d0,
     *      -7.93d0
     * /
      DATA G2010/
     *      0.00d0
     *  -29496.57d0,   -1586.42d0,
     *   -2396.06d0,    3026.34d0,    1668.17d0,
     *    1339.85d0,   -2326.54d0,    1232.10d0,     633.73d0,
     *     912.66d0,     808.97d0,     166.58d0,    -356.83d0,      89.40d0,
     *    -230.87d0,     357.29d0,     200.26d0,    -141.05d0,    -163.17d0,
     *      -8.03d0,
     *      72.78d0,      68.69d0,      75.92d0,    -141.40d0,     -22.83d0,
     *      13.10d0,     -78.09d0,
     *      80.44d0,     -75.00d0,      -4.55d0,      45.24d0,      14.00d0,
     *      10.46d0,       1.64d0,       4.92d0,
     *      24.41d0,       8.21d0,     -14.50d0,      -5.59d0,     -19.34d0,
     *      11.61d0,      10.85d0,     -14.05d0,      -3.54d0,
     *       5.50d0,       9.45d0,       3.45d0,      -5.27d0,       3.13d0,
     *     -12.38d0,      -0.76d0,       8.43d0,      -8.42d0,     -10.08d0,
     *      -1.94d0,      -6.24d0,       0.89d0,      -1.07d0,      -0.16d0,
     *       2.45d0,      -0.33d0,       2.13d0,       3.09d0,      -1.03d0,
     *      -2.80d0
     * /
      DATA H2010/
     *      0.00d0
     *       0.00d0,    4944.26d0,
     *       0.00d0,   -2708.54d0,    -575.73d0,
     *       0.00d0,    -160.40d0,     251.75d0,    -537.03d0,
     *       0.00d0,     286.48d0,    -211.03d0,     164.46d0,    -309.72d0,
     *       0.00d0,      44.58d0,     189.01d0,    -118.06d0,      -0.01d0,
     *     101.04d0,
     *       0.00d0,     -20.90d0,      44.18d0,      61.54d0,     -66.26d0,
     *       3.02d0,      55.40d0,
     *       0.00d0,     -57.80d0,     -21.20d0,       6.54d0,      24.96d0,
     *       7.03d0,     -27.61d0,      -3.28d0,
     *       0.00d0,      10.84d0,     -20.03d0,      11.83d0,     -17.41d0,
     *      16.71d0,       6.96d0,     -10.74d0,       1.64d0,
     *       0.00d0,     -20.54d0,      11.51d0,      12.75d0,      -7.14d0,
     *      -7.42d0,       7.97d0,       2.14d0,      -6.08d0,       7.01d0,
     *       0.00d0,       2.73d0,      -0.10d0,       4.71d0,       4.44d0,
     *      -7.22d0,      -0.96d0,      -3.95d0,      -1.99d0,      -1.97d0,
     *      -8.31d0
     * /
      DATA G2015/
     *      0.00d0
     *  -29441.46d0,   -1501.77d0,
     *   -2445.88d0,    3012.20d0,    1676.35d0,
     *    1350.33d0,   -2352.26d0,    1225.85d0,     581.69d0,
     *     907.42d0,     813.68d0,     120.49d0,    -334.85d0,      70.38d0,
     *    -232.91d0,     360.14d0,     192.35d0,    -140.94d0,    -157.40d0,
     *       4.30d0,
     *      69.55d0,      67.57d0,      72.79d0,    -129.85d0,     -28.93d0,
     *      13.14d0,     -70.85d0,
     *      81.29d0,     -75.99d0,      -6.79d0,      51.82d0,      15.07d0,
     *       9.32d0,      -2.88d0,       6.61d0,
     *      23.98d0,       8.89d0,     -16.78d0,      -3.16d0,     -20.56d0,
     *      13.33d0,      11.76d0,     -15.98d0,      -2.02d0,
     *       5.33d0,       8.83d0,       3.02d0,      -3.22d0,       0.67d0,
     *     -13.20d0,      -0.10d0,       8.68d0,      -9.06d0,     -10.54d0,
     *      -2.01d0,      -6.26d0,       0.17d0,       0.55d0,      -0.55d0,
     *       1.70d0,      -0.67d0,       2.13d0,       2.33d0,      -1.80d0,
     *      -3.59d0
     * /
      DATA H2015/
     *      0.00d0
     *       0.00d0,    4795.99d0,
     *       0.00d0,   -2845.41d0,    -642.17d0,
     *       0.00d0,    -115.29d0,     245.04d0,    -538.70d0,
     *       0.00d0,     283.54d0,    -188.43d0,     180.95d0,    -329.23d0,
     *       0.00d0,      46.98d0,     196.98d0,    -119.14d0,      15.98d0,
     *     100.12d0,
     *       0.00d0,     -20.61d0,      33.30d0,      58.74d0,     -66.64d0,
     *       7.35d0,      62.41d0,
     *       0.00d0,     -54.27d0,     -19.53d0,       5.59d0,      24.45d0,
     *       3.27d0,     -27.50d0,      -2.32d0,
     *       0.00d0,      10.04d0,     -18.26d0,      13.18d0,     -14.60d0,
     *      16.16d0,       5.69d0,      -9.10d0,       2.26d0,
     *       0.00d0,     -21.77d0,      10.76d0,      11.74d0,      -6.74d0,
     *      -6.88d0,       7.79d0,       1.04d0,      -3.89d0,       8.44d0,
     *       0.00d0,       3.28d0,      -0.40d0,       4.55d0,       4.40d0,
     *      -7.92d0,      -0.61d0,      -4.16d0,      -2.85d0,      -1.12d0,
     *      -8.72d0
     * /
      DATA G2020/
     *      0.00d0
     *  -29403.41d0,   -1451.37d0,
     *   -2499.78d0,    2981.96d0,    1676.85d0,
     *    1363.00d0,   -2380.80d0,    1236.06d0,     525.60d0,
     *     902.82d0,     809.47d0,      86.18d0,    -309.47d0,      47.44d0,
     *    -234.42d0,     363.26d0,     187.86d0,    -140.73d0,    -151.16d0,
     *      13.98d0,
     *      65.97d0,      65.56d0,      72.96d0,    -121.57d0,     -36.06d0,
     *      13.60d0,     -64.80d0,
     *      80.54d0,     -76.63d0,      -8.23d0,      56.45d0,      15.80d0,
     *       6.30d0,      -7.21d0,       9.77d0,
     *      23.66d0,       9.74d0,     -17.49d0,      -0.49d0,     -21.07d0,
     *      15.28d0,      13.65d0,     -16.59d0,      -0.34d0,
     *       5.03d0,       8.36d0,       2.84d0,      -1.48d0,      -1.14d0,
     *     -13.22d0,       1.08d0,       8.82d0,      -9.23d0,     -11.86d0,
     *      -1.84d0,      -6.25d0,      -0.11d0,       1.66d0,      -0.86d0,
     *       0.65d0,      -0.88d0,       1.88d0,       1.44d0,      -2.38d0,
     *      -3.84d0
     * /
      DATA H2020/
     *      0.00d0
     *       0.00d0,    4653.35d0,
     *       0.00d0,   -2991.72d0,    -734.62d0,
     *       0.00d0,     -81.96d0,     241.80d0,    -542.52d0,
     *       0.00d0,     282.10d0,    -158.50d0,     199.75d0,    -350.30d0,
     *       0.00d0,      47.52d0,     208.36d0,    -121.43d0,      32.09d0,
     *      99.14d0,
     *       0.00d0,     -19.22d0,      25.02d0,      52.76d0,     -64.40d0,
     *       8.96d0,      68.04d0,
     *       0.00d0,     -51.50d0,     -16.85d0,       2.36d0,      23.56d0,
     *      -2.19d0,     -27.19d0,      -1.90d0,
     *       0.00d0,       8.43d0,     -15.23d0,      12.83d0,     -11.76d0,
     *      14.94d0,       3.62d0,      -6.90d0,       2.90d0,
     *       0.00d0,     -23.44d0,      11.04d0,       9.86d0,      -5.13d0,
     *      -6.20d0,       7.79d0,       0.40d0,      -1.44d0,       9.60d0,
     *       0.00d0,       3.38d0,      -0.18d0,       3.50d0,       4.86d0,
     *      -8.62d0,      -0.11d0,      -4.26d0,      -3.43d0,      -0.10d0,
     *      -8.84d0
     * /
      DATA G2025/
     *      0.00d0
     *  -29350.00d0,   -1410.30d0,
     *   -2556.20d0,    2950.90d0,    1648.70d0,
     *    1360.90d0,   -2404.20d0,    1243.80d0,     453.40d0,
     *     894.70d0,     799.60d0,      55.80d0,    -281.10d0,      12.00d0,
     *    -232.90d0,     369.00d0,     187.20d0,    -138.70d0,    -141.90d0,
     *      20.90d0,
     *      64.30d0,      63.80d0,      76.70d0,    -115.70d0,     -40.90d0,
     *      14.90d0,     -60.80d0,
     *      79.60d0,     -76.90d0,      -8.80d0,      59.30d0,      15.80d0,
     *       2.50d0,     -11.20d0,      14.30d0,
     *      23.10d0,      10.90d0,     -17.50d0,       2.00d0,     -21.80d0,
     *      16.90d0,      14.90d0,     -16.80d0,       1.00d0,
     *       4.70d0,       8.00d0,       3.00d0,      -0.20d0,      -2.50d0,
     *     -13.10d0,       2.40d0,       8.60d0,      -8.70d0,     -12.80d0,
     *      -1.30d0,      -6.40d0,       0.20d0,       2.00d0,      -1.00d0,
     *      -0.50d0,      -0.90d0,       1.50d0,       0.90d0,      -2.60d0,
     *      -3.90d0
     * /
      DATA H2025/
     *      0.00d0
     *       0.00d0,    4545.50d0,
     *       0.00d0,   -3133.60d0,    -814.20d0,
     *       0.00d0,     -56.90d0,     237.60d0,    -549.60d0,
     *       0.00d0,     278.60d0,    -134.00d0,     212.00d0,    -375.40d0,
     *       0.00d0,      45.30d0,     220.00d0,    -122.90d0,      42.90d0,
     *     106.20d0,
     *       0.00d0,     -18.40d0,      16.80d0,      48.90d0,     -59.80d0,
     *      10.90d0,      72.80d0,
     *       0.00d0,     -48.90d0,     -14.40d0,      -1.00d0,      23.50d0,
     *      -7.40d0,     -25.10d0,      -2.20d0,
     *       0.00d0,       7.20d0,     -12.60d0,      11.50d0,      -9.70d0,
     *      12.70d0,       0.70d0,      -5.20d0,       3.90d0,
     *       0.00d0,     -24.80d0,      12.10d0,       8.30d0,      -3.40d0,
     *      -5.30d0,       7.20d0,      -0.60d0,       0.80d0,       9.80d0,
     *       0.00d0,       3.30d0,       0.10d0,       2.50d0,       5.40d0,
     *      -9.00d0,       0.40d0,      -4.20d0,      -3.80d0,       0.90d0,
     *      -9.00d0
     * /
      DATA DG2025/
     *      0.00d0
     *      12.60d0,      10.00d0,
     *     -11.20d0,      -5.30d0,      -8.30d0,
     *      -1.50d0,      -4.40d0,       0.40d0,     -15.60d0,
     *      -1.70d0,      -2.30d0,      -5.80d0,       5.40d0,      -6.80d0,
     *       0.60d0,       1.30d0,       0.00d0,       0.70d0,       2.30d0,
     *       1.00d0,
     *      -0.20d0,      -0.30d0,       0.80d0,       1.20d0,      -0.80d0,
     *       0.40d0,       0.90d0,
     *      -0.10d0,      -0.10d0,      -0.10d0,       0.50d0,      -0.10d0,
     *      -0.80d0,      -0.80d0,       0.90d0,
     *      -0.10d0,       0.20d0,       0.00d0,       0.40d0,      -0.10d0,
     *       0.30d0,       0.10d0,       0.00d0,       0.30d0
     * /
      DATA DH2025/
     *      0.00d0
     *       0.00d0,     -21.50d0,
     *       0.00d0,     -27.30d0,     -11.10d0,
     *       0.00d0,       3.80d0,      -0.20d0,      -3.90d0,
     *       0.00d0,      -1.30d0,       4.10d0,       1.60d0,      -4.10d0,
     *       0.00d0,      -0.50d0,       2.10d0,       0.50d0,       1.70d0,
     *       1.90d0,
     *       0.00d0,       0.30d0,      -1.60d0,      -0.40d0,       0.80d0,
     *       0.70d0,       0.90d0,
     *       0.00d0,       0.60d0,       0.50d0,      -0.70d0,       0.00d0,
     *      -0.90d0,       0.50d0,      -0.30d0,
     *       0.00d0,      -0.30d0,       0.40d0,      -0.30d0,       0.40d0,
     *      -0.50d0,      -0.60d0,       0.30d0,       0.20d0
     * /
